{
 "cells": [
  {
   "cell_type": "markdown",
   "id": "3039e7ed",
   "metadata": {},
   "source": [
    "# King County Homes"
   ]
  },
  {
   "cell_type": "code",
   "execution_count": 120,
   "id": "e6291945",
   "metadata": {},
   "outputs": [],
   "source": [
    "import numpy as np\n",
    "import pandas as pd\n",
    "from pandas.plotting import scatter_matrix\n",
    "from sklearn.preprocessing import MinMaxScaler\n",
    "from sklearn.model_selection import train_test_split\n",
    "from sklearn.metrics import mean_squared_error\n",
    "from sklearn.preprocessing import PolynomialFeatures\n",
    "from sklearn.linear_model import LinearRegression\n",
    "import matplotlib.pyplot as plt\n",
    "%matplotlib inline\n",
    "import seaborn as sns\n",
    "import statsmodels.api as sm\n",
    "from statsmodels.formula.api import ols"
   ]
  },
  {
   "cell_type": "code",
   "execution_count": 5,
   "id": "941b4c7d",
   "metadata": {},
   "outputs": [
    {
     "data": {
      "text/plain": [
       "'/Users/em/Desktop/Project/bsc-phase-two-project/notebooks/exploratory/Emma'"
      ]
     },
     "execution_count": 5,
     "metadata": {},
     "output_type": "execute_result"
    }
   ],
   "source": [
    "pwd"
   ]
  },
  {
   "cell_type": "code",
   "execution_count": 6,
   "id": "0b8b517c",
   "metadata": {},
   "outputs": [
    {
     "data": {
      "text/html": [
       "<div>\n",
       "<style scoped>\n",
       "    .dataframe tbody tr th:only-of-type {\n",
       "        vertical-align: middle;\n",
       "    }\n",
       "\n",
       "    .dataframe tbody tr th {\n",
       "        vertical-align: top;\n",
       "    }\n",
       "\n",
       "    .dataframe thead th {\n",
       "        text-align: right;\n",
       "    }\n",
       "</style>\n",
       "<table border=\"1\" class=\"dataframe\">\n",
       "  <thead>\n",
       "    <tr style=\"text-align: right;\">\n",
       "      <th></th>\n",
       "      <th>id</th>\n",
       "      <th>date</th>\n",
       "      <th>price</th>\n",
       "      <th>bedrooms</th>\n",
       "      <th>bathrooms</th>\n",
       "      <th>sqft_living</th>\n",
       "      <th>sqft_lot</th>\n",
       "      <th>floors</th>\n",
       "      <th>waterfront</th>\n",
       "      <th>view</th>\n",
       "      <th>...</th>\n",
       "      <th>grade</th>\n",
       "      <th>sqft_above</th>\n",
       "      <th>sqft_basement</th>\n",
       "      <th>yr_built</th>\n",
       "      <th>yr_renovated</th>\n",
       "      <th>zipcode</th>\n",
       "      <th>lat</th>\n",
       "      <th>long</th>\n",
       "      <th>sqft_living15</th>\n",
       "      <th>sqft_lot15</th>\n",
       "    </tr>\n",
       "  </thead>\n",
       "  <tbody>\n",
       "    <tr>\n",
       "      <th>0</th>\n",
       "      <td>7129300520</td>\n",
       "      <td>10/13/2014</td>\n",
       "      <td>221900.0</td>\n",
       "      <td>3</td>\n",
       "      <td>1.00</td>\n",
       "      <td>1180</td>\n",
       "      <td>5650</td>\n",
       "      <td>1.0</td>\n",
       "      <td>NaN</td>\n",
       "      <td>0.0</td>\n",
       "      <td>...</td>\n",
       "      <td>7</td>\n",
       "      <td>1180</td>\n",
       "      <td>0.0</td>\n",
       "      <td>1955</td>\n",
       "      <td>0.0</td>\n",
       "      <td>98178</td>\n",
       "      <td>47.5112</td>\n",
       "      <td>-122.257</td>\n",
       "      <td>1340</td>\n",
       "      <td>5650</td>\n",
       "    </tr>\n",
       "    <tr>\n",
       "      <th>1</th>\n",
       "      <td>6414100192</td>\n",
       "      <td>12/9/2014</td>\n",
       "      <td>538000.0</td>\n",
       "      <td>3</td>\n",
       "      <td>2.25</td>\n",
       "      <td>2570</td>\n",
       "      <td>7242</td>\n",
       "      <td>2.0</td>\n",
       "      <td>0.0</td>\n",
       "      <td>0.0</td>\n",
       "      <td>...</td>\n",
       "      <td>7</td>\n",
       "      <td>2170</td>\n",
       "      <td>400.0</td>\n",
       "      <td>1951</td>\n",
       "      <td>1991.0</td>\n",
       "      <td>98125</td>\n",
       "      <td>47.7210</td>\n",
       "      <td>-122.319</td>\n",
       "      <td>1690</td>\n",
       "      <td>7639</td>\n",
       "    </tr>\n",
       "    <tr>\n",
       "      <th>2</th>\n",
       "      <td>5631500400</td>\n",
       "      <td>2/25/2015</td>\n",
       "      <td>180000.0</td>\n",
       "      <td>2</td>\n",
       "      <td>1.00</td>\n",
       "      <td>770</td>\n",
       "      <td>10000</td>\n",
       "      <td>1.0</td>\n",
       "      <td>0.0</td>\n",
       "      <td>0.0</td>\n",
       "      <td>...</td>\n",
       "      <td>6</td>\n",
       "      <td>770</td>\n",
       "      <td>0.0</td>\n",
       "      <td>1933</td>\n",
       "      <td>NaN</td>\n",
       "      <td>98028</td>\n",
       "      <td>47.7379</td>\n",
       "      <td>-122.233</td>\n",
       "      <td>2720</td>\n",
       "      <td>8062</td>\n",
       "    </tr>\n",
       "    <tr>\n",
       "      <th>3</th>\n",
       "      <td>2487200875</td>\n",
       "      <td>12/9/2014</td>\n",
       "      <td>604000.0</td>\n",
       "      <td>4</td>\n",
       "      <td>3.00</td>\n",
       "      <td>1960</td>\n",
       "      <td>5000</td>\n",
       "      <td>1.0</td>\n",
       "      <td>0.0</td>\n",
       "      <td>0.0</td>\n",
       "      <td>...</td>\n",
       "      <td>7</td>\n",
       "      <td>1050</td>\n",
       "      <td>910.0</td>\n",
       "      <td>1965</td>\n",
       "      <td>0.0</td>\n",
       "      <td>98136</td>\n",
       "      <td>47.5208</td>\n",
       "      <td>-122.393</td>\n",
       "      <td>1360</td>\n",
       "      <td>5000</td>\n",
       "    </tr>\n",
       "    <tr>\n",
       "      <th>4</th>\n",
       "      <td>1954400510</td>\n",
       "      <td>2/18/2015</td>\n",
       "      <td>510000.0</td>\n",
       "      <td>3</td>\n",
       "      <td>2.00</td>\n",
       "      <td>1680</td>\n",
       "      <td>8080</td>\n",
       "      <td>1.0</td>\n",
       "      <td>0.0</td>\n",
       "      <td>0.0</td>\n",
       "      <td>...</td>\n",
       "      <td>8</td>\n",
       "      <td>1680</td>\n",
       "      <td>0.0</td>\n",
       "      <td>1987</td>\n",
       "      <td>0.0</td>\n",
       "      <td>98074</td>\n",
       "      <td>47.6168</td>\n",
       "      <td>-122.045</td>\n",
       "      <td>1800</td>\n",
       "      <td>7503</td>\n",
       "    </tr>\n",
       "    <tr>\n",
       "      <th>...</th>\n",
       "      <td>...</td>\n",
       "      <td>...</td>\n",
       "      <td>...</td>\n",
       "      <td>...</td>\n",
       "      <td>...</td>\n",
       "      <td>...</td>\n",
       "      <td>...</td>\n",
       "      <td>...</td>\n",
       "      <td>...</td>\n",
       "      <td>...</td>\n",
       "      <td>...</td>\n",
       "      <td>...</td>\n",
       "      <td>...</td>\n",
       "      <td>...</td>\n",
       "      <td>...</td>\n",
       "      <td>...</td>\n",
       "      <td>...</td>\n",
       "      <td>...</td>\n",
       "      <td>...</td>\n",
       "      <td>...</td>\n",
       "      <td>...</td>\n",
       "    </tr>\n",
       "    <tr>\n",
       "      <th>21592</th>\n",
       "      <td>263000018</td>\n",
       "      <td>5/21/2014</td>\n",
       "      <td>360000.0</td>\n",
       "      <td>3</td>\n",
       "      <td>2.50</td>\n",
       "      <td>1530</td>\n",
       "      <td>1131</td>\n",
       "      <td>3.0</td>\n",
       "      <td>0.0</td>\n",
       "      <td>0.0</td>\n",
       "      <td>...</td>\n",
       "      <td>8</td>\n",
       "      <td>1530</td>\n",
       "      <td>0.0</td>\n",
       "      <td>2009</td>\n",
       "      <td>0.0</td>\n",
       "      <td>98103</td>\n",
       "      <td>47.6993</td>\n",
       "      <td>-122.346</td>\n",
       "      <td>1530</td>\n",
       "      <td>1509</td>\n",
       "    </tr>\n",
       "    <tr>\n",
       "      <th>21593</th>\n",
       "      <td>6600060120</td>\n",
       "      <td>2/23/2015</td>\n",
       "      <td>400000.0</td>\n",
       "      <td>4</td>\n",
       "      <td>2.50</td>\n",
       "      <td>2310</td>\n",
       "      <td>5813</td>\n",
       "      <td>2.0</td>\n",
       "      <td>0.0</td>\n",
       "      <td>0.0</td>\n",
       "      <td>...</td>\n",
       "      <td>8</td>\n",
       "      <td>2310</td>\n",
       "      <td>0.0</td>\n",
       "      <td>2014</td>\n",
       "      <td>0.0</td>\n",
       "      <td>98146</td>\n",
       "      <td>47.5107</td>\n",
       "      <td>-122.362</td>\n",
       "      <td>1830</td>\n",
       "      <td>7200</td>\n",
       "    </tr>\n",
       "    <tr>\n",
       "      <th>21594</th>\n",
       "      <td>1523300141</td>\n",
       "      <td>6/23/2014</td>\n",
       "      <td>402101.0</td>\n",
       "      <td>2</td>\n",
       "      <td>0.75</td>\n",
       "      <td>1020</td>\n",
       "      <td>1350</td>\n",
       "      <td>2.0</td>\n",
       "      <td>0.0</td>\n",
       "      <td>0.0</td>\n",
       "      <td>...</td>\n",
       "      <td>7</td>\n",
       "      <td>1020</td>\n",
       "      <td>0.0</td>\n",
       "      <td>2009</td>\n",
       "      <td>0.0</td>\n",
       "      <td>98144</td>\n",
       "      <td>47.5944</td>\n",
       "      <td>-122.299</td>\n",
       "      <td>1020</td>\n",
       "      <td>2007</td>\n",
       "    </tr>\n",
       "    <tr>\n",
       "      <th>21595</th>\n",
       "      <td>291310100</td>\n",
       "      <td>1/16/2015</td>\n",
       "      <td>400000.0</td>\n",
       "      <td>3</td>\n",
       "      <td>2.50</td>\n",
       "      <td>1600</td>\n",
       "      <td>2388</td>\n",
       "      <td>2.0</td>\n",
       "      <td>NaN</td>\n",
       "      <td>0.0</td>\n",
       "      <td>...</td>\n",
       "      <td>8</td>\n",
       "      <td>1600</td>\n",
       "      <td>0.0</td>\n",
       "      <td>2004</td>\n",
       "      <td>0.0</td>\n",
       "      <td>98027</td>\n",
       "      <td>47.5345</td>\n",
       "      <td>-122.069</td>\n",
       "      <td>1410</td>\n",
       "      <td>1287</td>\n",
       "    </tr>\n",
       "    <tr>\n",
       "      <th>21596</th>\n",
       "      <td>1523300157</td>\n",
       "      <td>10/15/2014</td>\n",
       "      <td>325000.0</td>\n",
       "      <td>2</td>\n",
       "      <td>0.75</td>\n",
       "      <td>1020</td>\n",
       "      <td>1076</td>\n",
       "      <td>2.0</td>\n",
       "      <td>0.0</td>\n",
       "      <td>0.0</td>\n",
       "      <td>...</td>\n",
       "      <td>7</td>\n",
       "      <td>1020</td>\n",
       "      <td>0.0</td>\n",
       "      <td>2008</td>\n",
       "      <td>0.0</td>\n",
       "      <td>98144</td>\n",
       "      <td>47.5941</td>\n",
       "      <td>-122.299</td>\n",
       "      <td>1020</td>\n",
       "      <td>1357</td>\n",
       "    </tr>\n",
       "  </tbody>\n",
       "</table>\n",
       "<p>21597 rows × 21 columns</p>\n",
       "</div>"
      ],
      "text/plain": [
       "               id        date     price  bedrooms  bathrooms  sqft_living  \\\n",
       "0      7129300520  10/13/2014  221900.0         3       1.00         1180   \n",
       "1      6414100192   12/9/2014  538000.0         3       2.25         2570   \n",
       "2      5631500400   2/25/2015  180000.0         2       1.00          770   \n",
       "3      2487200875   12/9/2014  604000.0         4       3.00         1960   \n",
       "4      1954400510   2/18/2015  510000.0         3       2.00         1680   \n",
       "...           ...         ...       ...       ...        ...          ...   \n",
       "21592   263000018   5/21/2014  360000.0         3       2.50         1530   \n",
       "21593  6600060120   2/23/2015  400000.0         4       2.50         2310   \n",
       "21594  1523300141   6/23/2014  402101.0         2       0.75         1020   \n",
       "21595   291310100   1/16/2015  400000.0         3       2.50         1600   \n",
       "21596  1523300157  10/15/2014  325000.0         2       0.75         1020   \n",
       "\n",
       "       sqft_lot  floors  waterfront  view  ...  grade  sqft_above  \\\n",
       "0          5650     1.0         NaN   0.0  ...      7        1180   \n",
       "1          7242     2.0         0.0   0.0  ...      7        2170   \n",
       "2         10000     1.0         0.0   0.0  ...      6         770   \n",
       "3          5000     1.0         0.0   0.0  ...      7        1050   \n",
       "4          8080     1.0         0.0   0.0  ...      8        1680   \n",
       "...         ...     ...         ...   ...  ...    ...         ...   \n",
       "21592      1131     3.0         0.0   0.0  ...      8        1530   \n",
       "21593      5813     2.0         0.0   0.0  ...      8        2310   \n",
       "21594      1350     2.0         0.0   0.0  ...      7        1020   \n",
       "21595      2388     2.0         NaN   0.0  ...      8        1600   \n",
       "21596      1076     2.0         0.0   0.0  ...      7        1020   \n",
       "\n",
       "       sqft_basement yr_built  yr_renovated  zipcode      lat     long  \\\n",
       "0                0.0     1955           0.0    98178  47.5112 -122.257   \n",
       "1              400.0     1951        1991.0    98125  47.7210 -122.319   \n",
       "2                0.0     1933           NaN    98028  47.7379 -122.233   \n",
       "3              910.0     1965           0.0    98136  47.5208 -122.393   \n",
       "4                0.0     1987           0.0    98074  47.6168 -122.045   \n",
       "...              ...      ...           ...      ...      ...      ...   \n",
       "21592            0.0     2009           0.0    98103  47.6993 -122.346   \n",
       "21593            0.0     2014           0.0    98146  47.5107 -122.362   \n",
       "21594            0.0     2009           0.0    98144  47.5944 -122.299   \n",
       "21595            0.0     2004           0.0    98027  47.5345 -122.069   \n",
       "21596            0.0     2008           0.0    98144  47.5941 -122.299   \n",
       "\n",
       "       sqft_living15  sqft_lot15  \n",
       "0               1340        5650  \n",
       "1               1690        7639  \n",
       "2               2720        8062  \n",
       "3               1360        5000  \n",
       "4               1800        7503  \n",
       "...              ...         ...  \n",
       "21592           1530        1509  \n",
       "21593           1830        7200  \n",
       "21594           1020        2007  \n",
       "21595           1410        1287  \n",
       "21596           1020        1357  \n",
       "\n",
       "[21597 rows x 21 columns]"
      ]
     },
     "execution_count": 6,
     "metadata": {},
     "output_type": "execute_result"
    }
   ],
   "source": [
    "path = '../../../data/kc_house_data.csv'\n",
    "df = pd.read_csv(path)\n",
    "df"
   ]
  },
  {
   "cell_type": "code",
   "execution_count": null,
   "id": "304a3336",
   "metadata": {},
   "outputs": [],
   "source": []
  },
  {
   "cell_type": "code",
   "execution_count": 7,
   "id": "da4e73c1",
   "metadata": {},
   "outputs": [],
   "source": [
    "df = df.drop(15856) #dropped the house with 33 bedrooms as it was an outlier "
   ]
  },
  {
   "cell_type": "code",
   "execution_count": null,
   "id": "49a61379",
   "metadata": {},
   "outputs": [],
   "source": []
  },
  {
   "cell_type": "code",
   "execution_count": 8,
   "id": "c99ab1f2",
   "metadata": {},
   "outputs": [
    {
     "data": {
      "text/html": [
       "<div>\n",
       "<style scoped>\n",
       "    .dataframe tbody tr th:only-of-type {\n",
       "        vertical-align: middle;\n",
       "    }\n",
       "\n",
       "    .dataframe tbody tr th {\n",
       "        vertical-align: top;\n",
       "    }\n",
       "\n",
       "    .dataframe thead th {\n",
       "        text-align: right;\n",
       "    }\n",
       "</style>\n",
       "<table border=\"1\" class=\"dataframe\">\n",
       "  <thead>\n",
       "    <tr style=\"text-align: right;\">\n",
       "      <th></th>\n",
       "      <th>id</th>\n",
       "      <th>price</th>\n",
       "      <th>bedrooms</th>\n",
       "      <th>bathrooms</th>\n",
       "      <th>sqft_living</th>\n",
       "      <th>sqft_lot</th>\n",
       "      <th>floors</th>\n",
       "      <th>waterfront</th>\n",
       "      <th>view</th>\n",
       "      <th>condition</th>\n",
       "      <th>grade</th>\n",
       "      <th>sqft_above</th>\n",
       "      <th>yr_built</th>\n",
       "      <th>yr_renovated</th>\n",
       "      <th>zipcode</th>\n",
       "      <th>lat</th>\n",
       "      <th>long</th>\n",
       "      <th>sqft_living15</th>\n",
       "      <th>sqft_lot15</th>\n",
       "    </tr>\n",
       "  </thead>\n",
       "  <tbody>\n",
       "    <tr>\n",
       "      <th>id</th>\n",
       "      <td>1.000000</td>\n",
       "      <td>-0.016763</td>\n",
       "      <td>0.002328</td>\n",
       "      <td>0.005145</td>\n",
       "      <td>-0.012258</td>\n",
       "      <td>-0.131920</td>\n",
       "      <td>0.018576</td>\n",
       "      <td>-0.004180</td>\n",
       "      <td>0.011581</td>\n",
       "      <td>-0.023721</td>\n",
       "      <td>0.008169</td>\n",
       "      <td>-0.010831</td>\n",
       "      <td>0.021589</td>\n",
       "      <td>-0.012019</td>\n",
       "      <td>-0.008195</td>\n",
       "      <td>-0.001766</td>\n",
       "      <td>0.020643</td>\n",
       "      <td>-0.002734</td>\n",
       "      <td>-0.138570</td>\n",
       "    </tr>\n",
       "    <tr>\n",
       "      <th>price</th>\n",
       "      <td>-0.016763</td>\n",
       "      <td>1.000000</td>\n",
       "      <td>0.315961</td>\n",
       "      <td>0.525915</td>\n",
       "      <td>0.701929</td>\n",
       "      <td>0.089879</td>\n",
       "      <td>0.256820</td>\n",
       "      <td>0.276297</td>\n",
       "      <td>0.395739</td>\n",
       "      <td>0.036031</td>\n",
       "      <td>0.667964</td>\n",
       "      <td>0.605392</td>\n",
       "      <td>0.053965</td>\n",
       "      <td>0.129603</td>\n",
       "      <td>-0.053409</td>\n",
       "      <td>0.306687</td>\n",
       "      <td>0.022047</td>\n",
       "      <td>0.585267</td>\n",
       "      <td>0.082849</td>\n",
       "    </tr>\n",
       "    <tr>\n",
       "      <th>bedrooms</th>\n",
       "      <td>0.002328</td>\n",
       "      <td>0.315961</td>\n",
       "      <td>1.000000</td>\n",
       "      <td>0.527870</td>\n",
       "      <td>0.593178</td>\n",
       "      <td>0.033602</td>\n",
       "      <td>0.183707</td>\n",
       "      <td>-0.002303</td>\n",
       "      <td>0.080922</td>\n",
       "      <td>0.023440</td>\n",
       "      <td>0.366174</td>\n",
       "      <td>0.492543</td>\n",
       "      <td>0.160736</td>\n",
       "      <td>0.019429</td>\n",
       "      <td>-0.158588</td>\n",
       "      <td>-0.011595</td>\n",
       "      <td>0.136561</td>\n",
       "      <td>0.404532</td>\n",
       "      <td>0.031892</td>\n",
       "    </tr>\n",
       "    <tr>\n",
       "      <th>bathrooms</th>\n",
       "      <td>0.005145</td>\n",
       "      <td>0.525915</td>\n",
       "      <td>0.527870</td>\n",
       "      <td>1.000000</td>\n",
       "      <td>0.755755</td>\n",
       "      <td>0.088368</td>\n",
       "      <td>0.502574</td>\n",
       "      <td>0.067281</td>\n",
       "      <td>0.186446</td>\n",
       "      <td>-0.126443</td>\n",
       "      <td>0.665834</td>\n",
       "      <td>0.686664</td>\n",
       "      <td>0.507166</td>\n",
       "      <td>0.051044</td>\n",
       "      <td>-0.204778</td>\n",
       "      <td>0.024301</td>\n",
       "      <td>0.224889</td>\n",
       "      <td>0.569878</td>\n",
       "      <td>0.088297</td>\n",
       "    </tr>\n",
       "    <tr>\n",
       "      <th>sqft_living</th>\n",
       "      <td>-0.012258</td>\n",
       "      <td>0.701929</td>\n",
       "      <td>0.593178</td>\n",
       "      <td>0.755755</td>\n",
       "      <td>1.000000</td>\n",
       "      <td>0.173449</td>\n",
       "      <td>0.353941</td>\n",
       "      <td>0.110228</td>\n",
       "      <td>0.282528</td>\n",
       "      <td>-0.059397</td>\n",
       "      <td>0.762776</td>\n",
       "      <td>0.876448</td>\n",
       "      <td>0.318140</td>\n",
       "      <td>0.055654</td>\n",
       "      <td>-0.199793</td>\n",
       "      <td>0.052178</td>\n",
       "      <td>0.241200</td>\n",
       "      <td>0.756400</td>\n",
       "      <td>0.184337</td>\n",
       "    </tr>\n",
       "    <tr>\n",
       "      <th>sqft_lot</th>\n",
       "      <td>-0.131920</td>\n",
       "      <td>0.089879</td>\n",
       "      <td>0.033602</td>\n",
       "      <td>0.088368</td>\n",
       "      <td>0.173449</td>\n",
       "      <td>1.000000</td>\n",
       "      <td>-0.004824</td>\n",
       "      <td>0.023142</td>\n",
       "      <td>0.075295</td>\n",
       "      <td>-0.008806</td>\n",
       "      <td>0.114726</td>\n",
       "      <td>0.184134</td>\n",
       "      <td>0.052939</td>\n",
       "      <td>0.004511</td>\n",
       "      <td>-0.129582</td>\n",
       "      <td>-0.085507</td>\n",
       "      <td>0.230222</td>\n",
       "      <td>0.144756</td>\n",
       "      <td>0.718203</td>\n",
       "    </tr>\n",
       "    <tr>\n",
       "      <th>floors</th>\n",
       "      <td>0.018576</td>\n",
       "      <td>0.256820</td>\n",
       "      <td>0.183707</td>\n",
       "      <td>0.502574</td>\n",
       "      <td>0.353941</td>\n",
       "      <td>-0.004824</td>\n",
       "      <td>1.000000</td>\n",
       "      <td>0.021879</td>\n",
       "      <td>0.028424</td>\n",
       "      <td>-0.264013</td>\n",
       "      <td>0.458783</td>\n",
       "      <td>0.523970</td>\n",
       "      <td>0.489175</td>\n",
       "      <td>0.003525</td>\n",
       "      <td>-0.059522</td>\n",
       "      <td>0.049280</td>\n",
       "      <td>0.125912</td>\n",
       "      <td>0.280072</td>\n",
       "      <td>-0.010734</td>\n",
       "    </tr>\n",
       "    <tr>\n",
       "      <th>waterfront</th>\n",
       "      <td>-0.004180</td>\n",
       "      <td>0.276297</td>\n",
       "      <td>-0.002303</td>\n",
       "      <td>0.067281</td>\n",
       "      <td>0.110228</td>\n",
       "      <td>0.023142</td>\n",
       "      <td>0.021879</td>\n",
       "      <td>1.000000</td>\n",
       "      <td>0.406654</td>\n",
       "      <td>0.017656</td>\n",
       "      <td>0.087381</td>\n",
       "      <td>0.075460</td>\n",
       "      <td>-0.026083</td>\n",
       "      <td>0.087243</td>\n",
       "      <td>0.031059</td>\n",
       "      <td>-0.012768</td>\n",
       "      <td>-0.039869</td>\n",
       "      <td>0.088858</td>\n",
       "      <td>0.032000</td>\n",
       "    </tr>\n",
       "    <tr>\n",
       "      <th>view</th>\n",
       "      <td>0.011581</td>\n",
       "      <td>0.395739</td>\n",
       "      <td>0.080922</td>\n",
       "      <td>0.186446</td>\n",
       "      <td>0.282528</td>\n",
       "      <td>0.075295</td>\n",
       "      <td>0.028424</td>\n",
       "      <td>0.406654</td>\n",
       "      <td>1.000000</td>\n",
       "      <td>0.045776</td>\n",
       "      <td>0.249721</td>\n",
       "      <td>0.166290</td>\n",
       "      <td>-0.054577</td>\n",
       "      <td>0.100960</td>\n",
       "      <td>0.085284</td>\n",
       "      <td>0.006154</td>\n",
       "      <td>-0.077907</td>\n",
       "      <td>0.279554</td>\n",
       "      <td>0.073328</td>\n",
       "    </tr>\n",
       "    <tr>\n",
       "      <th>condition</th>\n",
       "      <td>-0.023721</td>\n",
       "      <td>0.036031</td>\n",
       "      <td>0.023440</td>\n",
       "      <td>-0.126443</td>\n",
       "      <td>-0.059397</td>\n",
       "      <td>-0.008806</td>\n",
       "      <td>-0.264013</td>\n",
       "      <td>0.017656</td>\n",
       "      <td>0.045776</td>\n",
       "      <td>1.000000</td>\n",
       "      <td>-0.146854</td>\n",
       "      <td>-0.158826</td>\n",
       "      <td>-0.361555</td>\n",
       "      <td>-0.061840</td>\n",
       "      <td>0.002835</td>\n",
       "      <td>-0.015209</td>\n",
       "      <td>-0.105800</td>\n",
       "      <td>-0.092979</td>\n",
       "      <td>-0.003093</td>\n",
       "    </tr>\n",
       "    <tr>\n",
       "      <th>grade</th>\n",
       "      <td>0.008169</td>\n",
       "      <td>0.667964</td>\n",
       "      <td>0.366174</td>\n",
       "      <td>0.665834</td>\n",
       "      <td>0.762776</td>\n",
       "      <td>0.114726</td>\n",
       "      <td>0.458783</td>\n",
       "      <td>0.087381</td>\n",
       "      <td>0.249721</td>\n",
       "      <td>-0.146854</td>\n",
       "      <td>1.000000</td>\n",
       "      <td>0.756069</td>\n",
       "      <td>0.447854</td>\n",
       "      <td>0.016663</td>\n",
       "      <td>-0.185761</td>\n",
       "      <td>0.113602</td>\n",
       "      <td>0.200324</td>\n",
       "      <td>0.713863</td>\n",
       "      <td>0.120974</td>\n",
       "    </tr>\n",
       "    <tr>\n",
       "      <th>sqft_above</th>\n",
       "      <td>-0.010831</td>\n",
       "      <td>0.605392</td>\n",
       "      <td>0.492543</td>\n",
       "      <td>0.686664</td>\n",
       "      <td>0.876448</td>\n",
       "      <td>0.184134</td>\n",
       "      <td>0.523970</td>\n",
       "      <td>0.075460</td>\n",
       "      <td>0.166290</td>\n",
       "      <td>-0.158826</td>\n",
       "      <td>0.756069</td>\n",
       "      <td>1.000000</td>\n",
       "      <td>0.424017</td>\n",
       "      <td>0.022126</td>\n",
       "      <td>-0.261557</td>\n",
       "      <td>-0.001160</td>\n",
       "      <td>0.344819</td>\n",
       "      <td>0.731756</td>\n",
       "      <td>0.195069</td>\n",
       "    </tr>\n",
       "    <tr>\n",
       "      <th>yr_built</th>\n",
       "      <td>0.021589</td>\n",
       "      <td>0.053965</td>\n",
       "      <td>0.160736</td>\n",
       "      <td>0.507166</td>\n",
       "      <td>0.318140</td>\n",
       "      <td>0.052939</td>\n",
       "      <td>0.489175</td>\n",
       "      <td>-0.026083</td>\n",
       "      <td>-0.054577</td>\n",
       "      <td>-0.361555</td>\n",
       "      <td>0.447854</td>\n",
       "      <td>0.424017</td>\n",
       "      <td>1.000000</td>\n",
       "      <td>-0.225224</td>\n",
       "      <td>-0.347199</td>\n",
       "      <td>-0.148340</td>\n",
       "      <td>0.409974</td>\n",
       "      <td>0.326353</td>\n",
       "      <td>0.070767</td>\n",
       "    </tr>\n",
       "    <tr>\n",
       "      <th>yr_renovated</th>\n",
       "      <td>-0.012019</td>\n",
       "      <td>0.129603</td>\n",
       "      <td>0.019429</td>\n",
       "      <td>0.051044</td>\n",
       "      <td>0.055654</td>\n",
       "      <td>0.004511</td>\n",
       "      <td>0.003525</td>\n",
       "      <td>0.087243</td>\n",
       "      <td>0.100960</td>\n",
       "      <td>-0.061840</td>\n",
       "      <td>0.016663</td>\n",
       "      <td>0.022126</td>\n",
       "      <td>-0.225224</td>\n",
       "      <td>1.000000</td>\n",
       "      <td>0.069852</td>\n",
       "      <td>0.032157</td>\n",
       "      <td>-0.072168</td>\n",
       "      <td>-0.000259</td>\n",
       "      <td>0.003849</td>\n",
       "    </tr>\n",
       "    <tr>\n",
       "      <th>zipcode</th>\n",
       "      <td>-0.008195</td>\n",
       "      <td>-0.053409</td>\n",
       "      <td>-0.158588</td>\n",
       "      <td>-0.204778</td>\n",
       "      <td>-0.199793</td>\n",
       "      <td>-0.129582</td>\n",
       "      <td>-0.059522</td>\n",
       "      <td>0.031059</td>\n",
       "      <td>0.085284</td>\n",
       "      <td>0.002835</td>\n",
       "      <td>-0.185761</td>\n",
       "      <td>-0.261557</td>\n",
       "      <td>-0.347199</td>\n",
       "      <td>0.069852</td>\n",
       "      <td>1.000000</td>\n",
       "      <td>0.266729</td>\n",
       "      <td>-0.564253</td>\n",
       "      <td>-0.279286</td>\n",
       "      <td>-0.147288</td>\n",
       "    </tr>\n",
       "    <tr>\n",
       "      <th>lat</th>\n",
       "      <td>-0.001766</td>\n",
       "      <td>0.306687</td>\n",
       "      <td>-0.011595</td>\n",
       "      <td>0.024301</td>\n",
       "      <td>0.052178</td>\n",
       "      <td>-0.085507</td>\n",
       "      <td>0.049280</td>\n",
       "      <td>-0.012768</td>\n",
       "      <td>0.006154</td>\n",
       "      <td>-0.015209</td>\n",
       "      <td>0.113602</td>\n",
       "      <td>-0.001160</td>\n",
       "      <td>-0.148340</td>\n",
       "      <td>0.032157</td>\n",
       "      <td>0.266729</td>\n",
       "      <td>1.000000</td>\n",
       "      <td>-0.135340</td>\n",
       "      <td>0.048721</td>\n",
       "      <td>-0.086129</td>\n",
       "    </tr>\n",
       "    <tr>\n",
       "      <th>long</th>\n",
       "      <td>0.020643</td>\n",
       "      <td>0.022047</td>\n",
       "      <td>0.136561</td>\n",
       "      <td>0.224889</td>\n",
       "      <td>0.241200</td>\n",
       "      <td>0.230222</td>\n",
       "      <td>0.125912</td>\n",
       "      <td>-0.039869</td>\n",
       "      <td>-0.077907</td>\n",
       "      <td>-0.105800</td>\n",
       "      <td>0.200324</td>\n",
       "      <td>0.344819</td>\n",
       "      <td>0.409974</td>\n",
       "      <td>-0.072168</td>\n",
       "      <td>-0.564253</td>\n",
       "      <td>-0.135340</td>\n",
       "      <td>1.000000</td>\n",
       "      <td>0.335601</td>\n",
       "      <td>0.255579</td>\n",
       "    </tr>\n",
       "    <tr>\n",
       "      <th>sqft_living15</th>\n",
       "      <td>-0.002734</td>\n",
       "      <td>0.585267</td>\n",
       "      <td>0.404532</td>\n",
       "      <td>0.569878</td>\n",
       "      <td>0.756400</td>\n",
       "      <td>0.144756</td>\n",
       "      <td>0.280072</td>\n",
       "      <td>0.088858</td>\n",
       "      <td>0.279554</td>\n",
       "      <td>-0.092979</td>\n",
       "      <td>0.713863</td>\n",
       "      <td>0.731756</td>\n",
       "      <td>0.326353</td>\n",
       "      <td>-0.000259</td>\n",
       "      <td>-0.279286</td>\n",
       "      <td>0.048721</td>\n",
       "      <td>0.335601</td>\n",
       "      <td>1.000000</td>\n",
       "      <td>0.183506</td>\n",
       "    </tr>\n",
       "    <tr>\n",
       "      <th>sqft_lot15</th>\n",
       "      <td>-0.138570</td>\n",
       "      <td>0.082849</td>\n",
       "      <td>0.031892</td>\n",
       "      <td>0.088297</td>\n",
       "      <td>0.184337</td>\n",
       "      <td>0.718203</td>\n",
       "      <td>-0.010734</td>\n",
       "      <td>0.032000</td>\n",
       "      <td>0.073328</td>\n",
       "      <td>-0.003093</td>\n",
       "      <td>0.120974</td>\n",
       "      <td>0.195069</td>\n",
       "      <td>0.070767</td>\n",
       "      <td>0.003849</td>\n",
       "      <td>-0.147288</td>\n",
       "      <td>-0.086129</td>\n",
       "      <td>0.255579</td>\n",
       "      <td>0.183506</td>\n",
       "      <td>1.000000</td>\n",
       "    </tr>\n",
       "  </tbody>\n",
       "</table>\n",
       "</div>"
      ],
      "text/plain": [
       "                     id     price  bedrooms  bathrooms  sqft_living  sqft_lot  \\\n",
       "id             1.000000 -0.016763  0.002328   0.005145    -0.012258 -0.131920   \n",
       "price         -0.016763  1.000000  0.315961   0.525915     0.701929  0.089879   \n",
       "bedrooms       0.002328  0.315961  1.000000   0.527870     0.593178  0.033602   \n",
       "bathrooms      0.005145  0.525915  0.527870   1.000000     0.755755  0.088368   \n",
       "sqft_living   -0.012258  0.701929  0.593178   0.755755     1.000000  0.173449   \n",
       "sqft_lot      -0.131920  0.089879  0.033602   0.088368     0.173449  1.000000   \n",
       "floors         0.018576  0.256820  0.183707   0.502574     0.353941 -0.004824   \n",
       "waterfront    -0.004180  0.276297 -0.002303   0.067281     0.110228  0.023142   \n",
       "view           0.011581  0.395739  0.080922   0.186446     0.282528  0.075295   \n",
       "condition     -0.023721  0.036031  0.023440  -0.126443    -0.059397 -0.008806   \n",
       "grade          0.008169  0.667964  0.366174   0.665834     0.762776  0.114726   \n",
       "sqft_above    -0.010831  0.605392  0.492543   0.686664     0.876448  0.184134   \n",
       "yr_built       0.021589  0.053965  0.160736   0.507166     0.318140  0.052939   \n",
       "yr_renovated  -0.012019  0.129603  0.019429   0.051044     0.055654  0.004511   \n",
       "zipcode       -0.008195 -0.053409 -0.158588  -0.204778    -0.199793 -0.129582   \n",
       "lat           -0.001766  0.306687 -0.011595   0.024301     0.052178 -0.085507   \n",
       "long           0.020643  0.022047  0.136561   0.224889     0.241200  0.230222   \n",
       "sqft_living15 -0.002734  0.585267  0.404532   0.569878     0.756400  0.144756   \n",
       "sqft_lot15    -0.138570  0.082849  0.031892   0.088297     0.184337  0.718203   \n",
       "\n",
       "                 floors  waterfront      view  condition     grade  \\\n",
       "id             0.018576   -0.004180  0.011581  -0.023721  0.008169   \n",
       "price          0.256820    0.276297  0.395739   0.036031  0.667964   \n",
       "bedrooms       0.183707   -0.002303  0.080922   0.023440  0.366174   \n",
       "bathrooms      0.502574    0.067281  0.186446  -0.126443  0.665834   \n",
       "sqft_living    0.353941    0.110228  0.282528  -0.059397  0.762776   \n",
       "sqft_lot      -0.004824    0.023142  0.075295  -0.008806  0.114726   \n",
       "floors         1.000000    0.021879  0.028424  -0.264013  0.458783   \n",
       "waterfront     0.021879    1.000000  0.406654   0.017656  0.087381   \n",
       "view           0.028424    0.406654  1.000000   0.045776  0.249721   \n",
       "condition     -0.264013    0.017656  0.045776   1.000000 -0.146854   \n",
       "grade          0.458783    0.087381  0.249721  -0.146854  1.000000   \n",
       "sqft_above     0.523970    0.075460  0.166290  -0.158826  0.756069   \n",
       "yr_built       0.489175   -0.026083 -0.054577  -0.361555  0.447854   \n",
       "yr_renovated   0.003525    0.087243  0.100960  -0.061840  0.016663   \n",
       "zipcode       -0.059522    0.031059  0.085284   0.002835 -0.185761   \n",
       "lat            0.049280   -0.012768  0.006154  -0.015209  0.113602   \n",
       "long           0.125912   -0.039869 -0.077907  -0.105800  0.200324   \n",
       "sqft_living15  0.280072    0.088858  0.279554  -0.092979  0.713863   \n",
       "sqft_lot15    -0.010734    0.032000  0.073328  -0.003093  0.120974   \n",
       "\n",
       "               sqft_above  yr_built  yr_renovated   zipcode       lat  \\\n",
       "id              -0.010831  0.021589     -0.012019 -0.008195 -0.001766   \n",
       "price            0.605392  0.053965      0.129603 -0.053409  0.306687   \n",
       "bedrooms         0.492543  0.160736      0.019429 -0.158588 -0.011595   \n",
       "bathrooms        0.686664  0.507166      0.051044 -0.204778  0.024301   \n",
       "sqft_living      0.876448  0.318140      0.055654 -0.199793  0.052178   \n",
       "sqft_lot         0.184134  0.052939      0.004511 -0.129582 -0.085507   \n",
       "floors           0.523970  0.489175      0.003525 -0.059522  0.049280   \n",
       "waterfront       0.075460 -0.026083      0.087243  0.031059 -0.012768   \n",
       "view             0.166290 -0.054577      0.100960  0.085284  0.006154   \n",
       "condition       -0.158826 -0.361555     -0.061840  0.002835 -0.015209   \n",
       "grade            0.756069  0.447854      0.016663 -0.185761  0.113602   \n",
       "sqft_above       1.000000  0.424017      0.022126 -0.261557 -0.001160   \n",
       "yr_built         0.424017  1.000000     -0.225224 -0.347199 -0.148340   \n",
       "yr_renovated     0.022126 -0.225224      1.000000  0.069852  0.032157   \n",
       "zipcode         -0.261557 -0.347199      0.069852  1.000000  0.266729   \n",
       "lat             -0.001160 -0.148340      0.032157  0.266729  1.000000   \n",
       "long             0.344819  0.409974     -0.072168 -0.564253 -0.135340   \n",
       "sqft_living15    0.731756  0.326353     -0.000259 -0.279286  0.048721   \n",
       "sqft_lot15       0.195069  0.070767      0.003849 -0.147288 -0.086129   \n",
       "\n",
       "                   long  sqft_living15  sqft_lot15  \n",
       "id             0.020643      -0.002734   -0.138570  \n",
       "price          0.022047       0.585267    0.082849  \n",
       "bedrooms       0.136561       0.404532    0.031892  \n",
       "bathrooms      0.224889       0.569878    0.088297  \n",
       "sqft_living    0.241200       0.756400    0.184337  \n",
       "sqft_lot       0.230222       0.144756    0.718203  \n",
       "floors         0.125912       0.280072   -0.010734  \n",
       "waterfront    -0.039869       0.088858    0.032000  \n",
       "view          -0.077907       0.279554    0.073328  \n",
       "condition     -0.105800      -0.092979   -0.003093  \n",
       "grade          0.200324       0.713863    0.120974  \n",
       "sqft_above     0.344819       0.731756    0.195069  \n",
       "yr_built       0.409974       0.326353    0.070767  \n",
       "yr_renovated  -0.072168      -0.000259    0.003849  \n",
       "zipcode       -0.564253      -0.279286   -0.147288  \n",
       "lat           -0.135340       0.048721   -0.086129  \n",
       "long           1.000000       0.335601    0.255579  \n",
       "sqft_living15  0.335601       1.000000    0.183506  \n",
       "sqft_lot15     0.255579       0.183506    1.000000  "
      ]
     },
     "execution_count": 8,
     "metadata": {},
     "output_type": "execute_result"
    }
   ],
   "source": [
    "df.corr()"
   ]
  },
  {
   "cell_type": "code",
   "execution_count": 9,
   "id": "323362cc",
   "metadata": {},
   "outputs": [],
   "source": [
    "#df.value_counts('sqft_living')"
   ]
  },
  {
   "cell_type": "code",
   "execution_count": 10,
   "id": "70d3d90f",
   "metadata": {},
   "outputs": [],
   "source": [
    "#sns.scatterplot(data=df, x=\"sqft_living\", y=\"price\")"
   ]
  },
  {
   "cell_type": "markdown",
   "id": "03b5f90c",
   "metadata": {},
   "source": [
    "### Breakdown the IQR for the housing data "
   ]
  },
  {
   "cell_type": "code",
   "execution_count": 24,
   "id": "7945abc9",
   "metadata": {},
   "outputs": [
    {
     "data": {
      "text/html": [
       "<div>\n",
       "<style scoped>\n",
       "    .dataframe tbody tr th:only-of-type {\n",
       "        vertical-align: middle;\n",
       "    }\n",
       "\n",
       "    .dataframe tbody tr th {\n",
       "        vertical-align: top;\n",
       "    }\n",
       "\n",
       "    .dataframe thead th {\n",
       "        text-align: right;\n",
       "    }\n",
       "</style>\n",
       "<table border=\"1\" class=\"dataframe\">\n",
       "  <thead>\n",
       "    <tr style=\"text-align: right;\">\n",
       "      <th></th>\n",
       "      <th>id</th>\n",
       "      <th>date</th>\n",
       "      <th>price</th>\n",
       "      <th>bedrooms</th>\n",
       "      <th>bathrooms</th>\n",
       "      <th>sqft_living</th>\n",
       "      <th>sqft_lot</th>\n",
       "      <th>floors</th>\n",
